layout_spectrum: 0.7103024
color:
  saturation: 0.8204047
  brandStrength: 0.3285617
  lightness: 0.3271501
  rhythmicContrast: 0.5404721
typography_spectrum: 0.406759
name: '>MOTION London'
