layout_spectrum: 0.7103024
typography_spectrum: 0.406759
color:
  saturation: 0.8204047
  lightness: 0.3271501
  brandStrength: 0.3285617
  rhythmicContrast: 0.9367622
name: '>MOTION London'
